(4) parametric choice - (2.6,2.9,2.3,2.1)
     power matrix -        [,1]   [,2]   [,3]
                     [1,] 0.0614 0.3236 0.1920
                     [2,] 0.0878 0.3612 0.2186
                     [3,] 0.1146 0.4134 0.2301
                     [4,] 0.1430 0.2179 0.3528
                     [5,] 0.1903 0.5753 0.7272
                     [6,] 0.2941 0.3451 0.4613

(5) parametric choice - (2.5,3,2,1.5)
      power matrix -      [,1]   [,2]   [,3]
                    [1,] 0.4251 0.8234 0.5047
                    [2,] 0.5502 0.8845 0.5968
                    [3,] 0.6715 0.9352 0.6790
                    [4,] 0.7829 0.9135 0.9874
                    [5,] 0.8084 0.9923 0.9994
                    [6,] 0.8033 0.8935 0.9782

(6) parametric choice - (3,3.5,2.5,2)
      power matrix -     [,1]   [,2]   [,3]
                    [1,] 0.3328 0.7349 0.4397
                    [2,] 0.4410 0.8107 0.5060
                    [3,] 0.5554 0.8763 0.5875
                    [4,] 0.6692 0.8272 0.9637
                    [5,] 0.7049 0.9744 0.9968
                    [6,] 0.7216 0.8126 0.9437
