(1) parametric choices - (1.5,2,1.6,1.9)
       power matrix -    [,1]   [,2]   [,3]
                   [1,] 0.3816 0.7147 0.4782
                   [2,] 0.4806 0.7921 0.5505
                   [3,] 0.5895 0.8610 0.6373
                   [4,] 0.7004 0.9202 0.7222
                   [5,] 0.8480 0.9700 0.8502
                   [6,] 0.9661 0.9962 0.9559

(2) parametric choices - (1.8,2.5,2.4,2)
       power matrix -    [,1]   [,2]   [,3]
                   [1,] 0.5861 0.8682 0.6549
                   [2,] 0.7081 0.9205 0.7321
                   [3,] 0.8068 0.9570 0.8208
                   [4,] 0.8980 0.9679 0.9983
                   [5,] 0.9842 0.9969 0.9998
                   [6,] 0.9010 0.9658 0.9976

(3) parametric choices - (2,3,2.8,2.3)
       power matrix -   [,1]   [,2]   [,3]
                   [1,] 0.8264 0.9708 0.8578
                   [2,] 0.9172 0.9887 0.9257
                   [3,] 0.9622 0.9955 0.9622
                   [4,] 0.9888 0.9987 1.0000
                   [5,] 0.9993 1.0000 1.0000
                   [6,] 0.9878 0.9983 1.0000
